0.000000000000000000e+00
0.000000000000000000e+00
0.000000000000000000e+00
0.000000000000000000e+00
9.390464921918283310e-04
9.390464921918283310e-04
2.817139476575484993e-03
7.512371937534626648e-03
1.220760439849376787e-02
1.971997633602839625e-02
4.037899916424862040e-02
6.573325445342798057e-02
9.014846325041551978e-02
1.267712764458968355e-01
1.821750194852146953e-01
2.638720643059037640e-01
3.577767135250866093e-01
4.789137110178324774e-01
6.460639866279779264e-01
8.460808894648373935e-01
1.091172023926904489e+00
1.388849761951714168e+00
1.756955986890910815e+00
2.161685025025589013e+00
2.636842550074653957e+00
3.231258979632081196e+00
3.895164849611703950e+00
4.712135297818594637e+00
5.663389394408916644e+00
6.763951883257739439e+00
8.003493252950953263e+00
9.475918152707739850e+00
1.114929900179357780e+01
1.308749096167751169e+01
1.534120254293789998e+01
1.793766609384830346e+01
2.094731010132311511e+01
2.457109051469138095e+01
2.885783775154707698e+01
3.359251016517827537e+01
3.884365814951497953e+01
4.453334084570526841e+01
5.059770309228009211e+01
5.699730493656740293e+01
6.417162013691297773e+01
7.199199932388651746e+01
7.985087941703993408e+01
8.702143843141672619e+01
9.241438243607440484e+01
9.612267703373993299e+01
9.824867829206223746e+01
