9.177489177489177052e+01
8.571428571428570820e+01
7.640692640692640225e+01
6.645021645021644474e+01
5.649350649350649434e+01
4.761904761904762040e+01
3.809523809523809490e+01
3.160173160173160056e+01
2.489177489177489022e+01
1.991341991341991147e+01
1.493506493506493449e+01
1.168831168831168732e+01
8.874458874458873936e+00
6.277056277056276556e+00
4.761904761904761862e+00
4.112554112554112073e+00
2.164502164502164483e+00
1.948051948051948035e+00
1.515151515151515138e+00
8.658008658008657932e-01
8.658008658008657932e-01
8.658008658008657932e-01
6.493506493506493449e-01
2.164502164502164483e-01
0.000000000000000000e+00
0.000000000000000000e+00
0.000000000000000000e+00
0.000000000000000000e+00
0.000000000000000000e+00
0.000000000000000000e+00
0.000000000000000000e+00
0.000000000000000000e+00
0.000000000000000000e+00
0.000000000000000000e+00
0.000000000000000000e+00
0.000000000000000000e+00
0.000000000000000000e+00
0.000000000000000000e+00
0.000000000000000000e+00
0.000000000000000000e+00
0.000000000000000000e+00
0.000000000000000000e+00
0.000000000000000000e+00
0.000000000000000000e+00
0.000000000000000000e+00
0.000000000000000000e+00
0.000000000000000000e+00
0.000000000000000000e+00
0.000000000000000000e+00
0.000000000000000000e+00
0.000000000000000000e+00
