8.216656806678498404e-01
9.512540965903221180e-01
1.018865444028133727e+00
1.086476791465945446e+00
1.348470762787465471e+00
1.418899249701852661e+00
1.622672338507479273e+00
1.725967452648580425e+00
1.819872101867763270e+00
2.048999445962569332e+00
2.165441210994356158e+00
2.297846766393404128e+00
2.548572179808622273e+00
2.678160595731094329e+00
2.819017569559868708e+00
3.906433407518005829e+00
4.078278915589110376e+00
4.631377299490097244e+00
4.832333248819148608e+00
5.236123240461634687e+00
5.466189631048632869e+00
5.698134114620014401e+00
6.611826351522663181e+00
4.832333248819148608e+00
7.365880684752701413e+00
7.620362284136686704e+00
8.504005033289198323e+00
8.830793212571954598e+00
9.455259129879520330e+00
9.800828239006111886e+00
1.012667737179667604e+01
3.253608286146246797e+01
3.322440394023907828e+01
3.455784995915147562e+01
3.592134546581400656e+01
4.023908123691203542e+01
4.158473486022292320e+01
4.431360396653237643e+01
4.567146519424176176e+01
4.696828839995868066e+01
