4.545454545454544970e+00
3.896103896103896069e+00
3.463203463203463173e+00
2.813852813852813828e+00
2.597402597402597380e+00
2.380952380952380931e+00
2.164502164502164483e+00
2.164502164502164483e+00
2.164502164502164483e+00
1.298701298701298690e+00
1.298701298701298690e+00
1.298701298701298690e+00
1.082251082251082241e+00
1.082251082251082241e+00
8.658008658008657932e-01
2.164502164502164483e-01
2.164502164502164483e-01
2.164502164502164483e-01
2.164502164502164483e-01
2.164502164502164483e-01
2.164502164502164483e-01
2.164502164502164483e-01
0.000000000000000000e+00
2.164502164502164483e-01
0.000000000000000000e+00
0.000000000000000000e+00
0.000000000000000000e+00
0.000000000000000000e+00
0.000000000000000000e+00
0.000000000000000000e+00
0.000000000000000000e+00
0.000000000000000000e+00
0.000000000000000000e+00
0.000000000000000000e+00
0.000000000000000000e+00
0.000000000000000000e+00
0.000000000000000000e+00
0.000000000000000000e+00
0.000000000000000000e+00
0.000000000000000000e+00
