6.593954947248360787e-02
1.497005988023951961e-01
3.043021100655831090e-01
5.502388080980895602e-01
8.638972055888223256e-01
1.262653264898773831e+00
1.806654548046763509e+00
2.452683917878528685e+00
3.249750499001995863e+00
4.191171228970629770e+00
5.251104932991160545e+00
6.475887510692899696e+00
7.829875962360992148e+00
9.326881950384944275e+00
1.103685486170516050e+01
1.291880524664955843e+01
1.495402053036783485e+01
1.716165882520672881e+01
1.961122398061020888e+01
2.225771670943826663e+01
2.506593954947248193e+01
2.801628885086968879e+01
3.100851867693184971e+01
3.415000356429997197e+01
3.719213358996292840e+01
4.008857285429141371e+01
4.291951810664385647e+01
4.553214998574279804e+01
4.790641930424864370e+01
5.011272098659823371e+01
5.214125320786997264e+01
5.394434345594525126e+01
5.562401981750784330e+01
5.739948674080410740e+01
5.929925862560592975e+01
6.162407328200741574e+01
6.460783789563730295e+01
6.830000712859994394e+01
7.284849942971200676e+01
7.799802181351581964e+01
8.339437197034501992e+01
8.843919304248645119e+01
9.260719632164243365e+01
9.579011619617907058e+01
9.788503350441973794e+01
9.905947034502423776e+01
9.964535215283717662e+01
9.989618976333048295e+01
9.997727758768178319e+01
9.999777231251782439e+01
1.000000000000000000e+02
