3.645833333333333570e+01
2.559523809523809490e+01
1.711309523809523725e+01
1.071428571428571530e+01
6.845238095238095788e+00
4.464285714285714413e+00
2.827380952380952550e+00
2.380952380952380931e+00
1.636904761904761862e+00
8.928571428571429047e-01
7.440476190476190688e-01
4.464285714285714524e-01
1.488095238095238082e-01
1.488095238095238082e-01
1.488095238095238082e-01
1.488095238095238082e-01
0.000000000000000000e+00
0.000000000000000000e+00
0.000000000000000000e+00
0.000000000000000000e+00
0.000000000000000000e+00
0.000000000000000000e+00
0.000000000000000000e+00
0.000000000000000000e+00
0.000000000000000000e+00
0.000000000000000000e+00
0.000000000000000000e+00
0.000000000000000000e+00
0.000000000000000000e+00
0.000000000000000000e+00
0.000000000000000000e+00
0.000000000000000000e+00
0.000000000000000000e+00
0.000000000000000000e+00
0.000000000000000000e+00
0.000000000000000000e+00
0.000000000000000000e+00
0.000000000000000000e+00
0.000000000000000000e+00
0.000000000000000000e+00
0.000000000000000000e+00
0.000000000000000000e+00
0.000000000000000000e+00
0.000000000000000000e+00
0.000000000000000000e+00
0.000000000000000000e+00
0.000000000000000000e+00
0.000000000000000000e+00
0.000000000000000000e+00
0.000000000000000000e+00
0.000000000000000000e+00
