1.000000000000000000e+02
1.000000000000000000e+02
1.000000000000000000e+02
1.000000000000000000e+02
1.000000000000000000e+02
1.000000000000000000e+02
1.000000000000000000e+02
1.000000000000000000e+02
1.000000000000000000e+02
1.000000000000000000e+02
1.000000000000000000e+02
1.000000000000000000e+02
1.000000000000000000e+02
1.000000000000000000e+02
1.000000000000000000e+02
1.000000000000000000e+02
1.000000000000000000e+02
9.978354978354978755e+01
9.956709956709956089e+01
9.956709956709956089e+01
9.935064935064934843e+01
9.935064935064934843e+01
9.913419913419913598e+01
9.891774891774890932e+01
9.891774891774890932e+01
9.891774891774890932e+01
9.285714285714286120e+01
9.199134199134198298e+01
9.025974025974025494e+01
8.701298701298701133e+01
7.034632034632033992e+01
5.974025974025973795e+01
5.216450216450216004e+01
