1.000000000000000000e+02
1.000000000000000000e+02
1.000000000000000000e+02
1.000000000000000000e+02
1.000000000000000000e+02
1.000000000000000000e+02
1.000000000000000000e+02
1.000000000000000000e+02
1.000000000000000000e+02
1.000000000000000000e+02
1.000000000000000000e+02
1.000000000000000000e+02
1.000000000000000000e+02
1.000000000000000000e+02
1.000000000000000000e+02
1.000000000000000000e+02
1.000000000000000000e+02
1.000000000000000000e+02
1.000000000000000000e+02
1.000000000000000000e+02
1.000000000000000000e+02
1.000000000000000000e+02
1.000000000000000000e+02
9.978354978354978755e+01
9.978354978354978755e+01
9.978354978354978755e+01
9.978354978354978755e+01
9.956709956709956089e+01
9.956709956709956089e+01
9.848484848484848442e+01
9.826839826839827197e+01
9.783549783549783285e+01
9.718614718614718129e+01
9.632034632034631727e+01
9.632034632034631727e+01
9.437229437229437679e+01
9.177489177489177052e+01
9.090909090909090651e+01
8.982683982683983004e+01
8.506493506493505663e+01
8.225108225108225213e+01
8.073593073593073655e+01
8.008658008658008498e+01
7.359307359307359775e+01
7.077922077922077904e+01
6.601731601731601984e+01
6.493506493506492916e+01
6.277056277056276912e+01
2.294372294372294263e+01
2.099567099567099504e+01
1.645021645021644829e+01
1.471861471861471848e+01
1.320346320346320290e+01
6.709956709956709453e+00
6.060606060606060552e+00
3.679653679653679621e+00
3.030303030303030276e+00
