9.390464921918283310e-04
1.878092984383656662e-03
2.817139476575484993e-03
2.817139476575484993e-03
2.817139476575484993e-03
3.756185968767313324e-03
7.512371937534626648e-03
7.512371937534626648e-03
8.451418429726454545e-03
1.126855790630193997e-02
1.220760439849376787e-02
1.314665089068559750e-02
1.596379036726108119e-02
1.878092984383656835e-02
1.971997633602839625e-02
4.507423162520775989e-02
5.258660356274239001e-02
6.855039393000346426e-02
7.230657989877077585e-02
8.545323078945638029e-02
9.014846325041551978e-02
9.484369571137465926e-02
1.267712764458968355e-01
7.230657989877077585e-02
1.549426712116516724e-01
1.680893221023372630e-01
2.112854607431613740e-01
2.263102046182306204e-01
2.638720643059037640e-01
2.798358546731648522e-01
2.986167845170014101e-01
2.636842550074653957e+00
2.743893850184522254e+00
2.983350705693438520e+00
3.231258979632081196e+00
4.049168474331163559e+00
4.367505235184193424e+00
5.064277732390530140e+00
5.459616305603289810e+00
5.881248180597420827e+00
