4.761904761904762040e+01
4.220779220779220964e+01
4.025974025974026205e+01
3.852813852813852691e+01
3.528138528138528329e+01
3.398268398268398016e+01
3.160173160173160056e+01
2.987012987012986898e+01
2.835497835497835339e+01
2.554112554112554179e+01
2.489177489177489022e+01
2.445887445887445821e+01
2.229437229437229462e+01
2.077922077922077904e+01
1.991341991341991147e+01
1.385281385281385269e+01
1.277056277056277089e+01
1.125541125541125531e+01
1.103896103896103931e+01
9.740259740259739729e+00
8.874458874458873936e+00
8.441558441558441928e+00
6.277056277056276556e+00
1.103896103896103931e+01
4.761904761904761862e+00
4.761904761904761862e+00
4.545454545454544970e+00
4.329004329004328966e+00
4.112554112554112073e+00
3.246753246753246724e+00
2.813852813852813828e+00
0.000000000000000000e+00
0.000000000000000000e+00
0.000000000000000000e+00
0.000000000000000000e+00
0.000000000000000000e+00
0.000000000000000000e+00
0.000000000000000000e+00
0.000000000000000000e+00
0.000000000000000000e+00
