0.000000000000000000e+00
0.000000000000000000e+00
0.000000000000000000e+00
0.000000000000000000e+00
0.000000000000000000e+00
0.000000000000000000e+00
0.000000000000000000e+00
0.000000000000000000e+00
0.000000000000000000e+00
0.000000000000000000e+00
0.000000000000000000e+00
0.000000000000000000e+00
0.000000000000000000e+00
0.000000000000000000e+00
0.000000000000000000e+00
0.000000000000000000e+00
0.000000000000000000e+00
0.000000000000000000e+00
0.000000000000000000e+00
0.000000000000000000e+00
0.000000000000000000e+00
0.000000000000000000e+00
0.000000000000000000e+00
0.000000000000000000e+00
0.000000000000000000e+00
0.000000000000000000e+00
0.000000000000000000e+00
0.000000000000000000e+00
0.000000000000000000e+00
0.000000000000000000e+00
0.000000000000000000e+00
0.000000000000000000e+00
0.000000000000000000e+00
0.000000000000000000e+00
0.000000000000000000e+00
0.000000000000000000e+00
9.390464921918283310e-04
9.390464921918283310e-04
9.390464921918283310e-04
9.390464921918283310e-04
9.390464921918283310e-04
9.390464921918283310e-04
9.390464921918283310e-04
9.390464921918283310e-04
9.390464921918283310e-04
1.878092984383656662e-03
2.817139476575484993e-03
3.756185968767313324e-03
5.070851057835872727e-02
6.573325445342798057e-02
9.578274220356648716e-02
1.211369974927458543e-01
1.483693457663088910e-01
4.075461776112535017e-01
4.620108741583795475e-01
8.028847508240132269e-01
9.099360509338816350e-01
