1.000000000000000000e+02
1.000000000000000000e+02
1.000000000000000000e+02
1.000000000000000000e+02
1.000000000000000000e+02
1.000000000000000000e+02
1.000000000000000000e+02
1.000000000000000000e+02
1.000000000000000000e+02
1.000000000000000000e+02
1.000000000000000000e+02
1.000000000000000000e+02
1.000000000000000000e+02
1.000000000000000000e+02
1.000000000000000000e+02
1.000000000000000000e+02
1.000000000000000000e+02
1.000000000000000000e+02
9.978354978354978755e+01
9.978354978354978755e+01
9.956709956709956089e+01
9.956709956709956089e+01
9.935064935064934843e+01
9.935064935064934843e+01
9.913419913419913598e+01
9.891774891774890932e+01
9.891774891774890932e+01
9.891774891774890932e+01
9.891774891774890932e+01
9.740259740259739374e+01
9.718614718614718129e+01
9.653679653679652972e+01
9.632034632034631727e+01
9.458874458874458924e+01
9.285714285714286120e+01
9.199134199134198298e+01
9.025974025974025494e+01
8.852813852813852691e+01
8.701298701298701133e+01
7.943722943722943342e+01
7.424242424242423510e+01
7.272727272727271952e+01
7.034632034632033992e+01
6.255411255411254956e+01
5.974025974025973795e+01
5.670995670995670679e+01
5.389610389610389518e+01
5.216450216450216004e+01
1.796536796536796388e+01
1.580086580086580028e+01
1.212121212121212110e+01
9.740259740259739729e+00
8.874458874458873936e+00
3.463203463203463173e+00
2.813852813852813828e+00
1.731601731601731586e+00
1.515151515151515138e+00
