0.000000000000000000e+00
0.000000000000000000e+00
0.000000000000000000e+00
0.000000000000000000e+00
0.000000000000000000e+00
0.000000000000000000e+00
0.000000000000000000e+00
0.000000000000000000e+00
0.000000000000000000e+00
0.000000000000000000e+00
0.000000000000000000e+00
0.000000000000000000e+00
0.000000000000000000e+00
0.000000000000000000e+00
0.000000000000000000e+00
0.000000000000000000e+00
0.000000000000000000e+00
0.000000000000000000e+00
0.000000000000000000e+00
0.000000000000000000e+00
1.112217767790062241e-05
2.224435535580124483e-05
3.336653303370186555e-05
7.785524374530435521e-05
1.223439544569068381e-04
1.445883098127080863e-04
1.601593585617689655e-03
1.935258915954708378e-03
2.513612155205540832e-03
3.358897658725987830e-03
8.764276010185690496e-03
1.289060392868682237e-02
1.811802743730011461e-02
