1.000000000000000000e+02
1.000000000000000000e+02
1.000000000000000000e+02
1.000000000000000000e+02
1.000000000000000000e+02
9.995192307692308020e+01
9.990384615384614619e+01
9.985576923076922640e+01
9.971153846153845279e+01
9.959134615384614619e+01
9.942307692307691980e+01
9.932692307692308020e+01
9.925480769230769340e+01
9.920673076923075939e+01
9.911057692307691980e+01
9.850961538461538680e+01
9.838942307692308020e+01
9.754807692307691980e+01
9.699519230769230660e+01
9.641826923076922640e+01
9.483173076923075939e+01
9.367788461538461320e+01
9.266826923076922640e+01
9.021634615384614619e+01
8.875000000000000000e+01
8.730769230769230660e+01
6.867788461538461320e+01
6.641826923076922640e+01
6.293269230769230660e+01
5.947115384615384670e+01
4.581730769230769340e+01
4.024038461538461320e+01
3.480769230769230660e+01
