0.000000000000000000e+00
0.000000000000000000e+00
0.000000000000000000e+00
0.000000000000000000e+00
0.000000000000000000e+00
0.000000000000000000e+00
0.000000000000000000e+00
0.000000000000000000e+00
0.000000000000000000e+00
0.000000000000000000e+00
0.000000000000000000e+00
0.000000000000000000e+00
0.000000000000000000e+00
0.000000000000000000e+00
0.000000000000000000e+00
0.000000000000000000e+00
0.000000000000000000e+00
0.000000000000000000e+00
0.000000000000000000e+00
0.000000000000000000e+00
0.000000000000000000e+00
0.000000000000000000e+00
1.112217767790062241e-05
2.224435535580124483e-05
3.336653303370186555e-05
4.448871071160248966e-05
7.785524374530435521e-05
1.223439544569068381e-04
1.445883098127080863e-04
4.782536401497267825e-04
5.449867062171304729e-04
6.784528383519379622e-04
8.675298588762485720e-04
1.267928255280670932e-03
1.601593585617689655e-03
1.935258915954708378e-03
2.513612155205540832e-03
2.958499262321565796e-03
3.358897658725987830e-03
5.605577549661913683e-03
7.118193713856398562e-03
7.974601395054747160e-03
8.764276010185690496e-03
1.164492002876195247e-02
1.289060392868682237e-02
1.532636084014705850e-02
1.669438869452883473e-02
1.811802743730011461e-02
7.888960626934911347e-02
8.829896858485304645e-02
1.080185896077708457e-01
1.190851563972819688e-01
1.314530179751074446e-01
2.498597215340374877e-01
2.728603849719359875e-01
3.874966702980576772e-01
4.235658925074893832e-01
