1.000000000000000000e+02
1.000000000000000000e+02
1.000000000000000000e+02
1.000000000000000000e+02
1.000000000000000000e+02
9.995192307692308020e+01
9.990384615384614619e+01
9.987980769230769340e+01
9.971153846153845279e+01
9.961538461538461320e+01
9.944711538461538680e+01
9.930288461538461320e+01
9.920673076923075939e+01
9.903846153846153300e+01
9.894230769230769340e+01
9.875000000000000000e+01
9.817307692307691980e+01
9.778846153846153300e+01
9.725961538461538680e+01
9.675480769230769340e+01
9.620192307692308020e+01
9.574519230769230660e+01
9.396634615384614619e+01
9.302884615384614619e+01
9.204326923076922640e+01
9.064903846153845279e+01
8.944711538461538680e+01
8.807692307692308020e+01
8.632211538461538680e+01
7.843750000000000000e+01
7.697115384615383959e+01
7.543269230769230660e+01
7.350961538461538680e+01
6.968750000000000000e+01
6.790865384615383959e+01
6.627403846153845279e+01
6.286057692307691980e+01
6.146634615384615330e+01
5.983173076923076650e+01
5.254807692307691980e+01
4.901442307692307310e+01
4.764423076923076650e+01
4.622596153846154010e+01
4.209134615384615330e+01
4.084134615384615330e+01
3.822115384615384670e+01
3.718750000000000000e+01
3.598557692307691980e+01
1.721153846153845990e+01
1.620192307692307665e+01
1.367788461538461497e+01
1.288461538461538503e+01
1.182692307692307665e+01
6.971153846153845812e+00
6.394230769230769162e+00
4.927884615384614975e+00
4.639423076923076650e+00
