1.000000000000000000e+02
1.000000000000000000e+02
1.000000000000000000e+02
1.000000000000000000e+02
1.000000000000000000e+02
1.000000000000000000e+02
1.000000000000000000e+02
1.000000000000000000e+02
1.000000000000000000e+02
1.000000000000000000e+02
1.000000000000000000e+02
1.000000000000000000e+02
1.000000000000000000e+02
1.000000000000000000e+02
1.000000000000000000e+02
1.000000000000000000e+02
1.000000000000000000e+02
1.000000000000000000e+02
1.000000000000000000e+02
1.000000000000000000e+02
1.000000000000000000e+02
1.000000000000000000e+02
9.978354978354978755e+01
9.978354978354978755e+01
9.978354978354978755e+01
9.956709956709956089e+01
9.675324675324675638e+01
9.588744588744587816e+01
9.480519480519480169e+01
9.372294372294372522e+01
8.203463203463203968e+01
7.532467532467532578e+01
6.753246753246753542e+01
