0.000000000000000000e+00
0.000000000000000000e+00
0.000000000000000000e+00
0.000000000000000000e+00
0.000000000000000000e+00
0.000000000000000000e+00
0.000000000000000000e+00
0.000000000000000000e+00
0.000000000000000000e+00
0.000000000000000000e+00
0.000000000000000000e+00
0.000000000000000000e+00
0.000000000000000000e+00
0.000000000000000000e+00
0.000000000000000000e+00
0.000000000000000000e+00
0.000000000000000000e+00
0.000000000000000000e+00
0.000000000000000000e+00
0.000000000000000000e+00
0.000000000000000000e+00
0.000000000000000000e+00
0.000000000000000000e+00
0.000000000000000000e+00
0.000000000000000000e+00
0.000000000000000000e+00
0.000000000000000000e+00
0.000000000000000000e+00
0.000000000000000000e+00
0.000000000000000000e+00
0.000000000000000000e+00
0.000000000000000000e+00
0.000000000000000000e+00
0.000000000000000000e+00
0.000000000000000000e+00
0.000000000000000000e+00
0.000000000000000000e+00
0.000000000000000000e+00
0.000000000000000000e+00
0.000000000000000000e+00
0.000000000000000000e+00
0.000000000000000000e+00
0.000000000000000000e+00
0.000000000000000000e+00
0.000000000000000000e+00
0.000000000000000000e+00
0.000000000000000000e+00
0.000000000000000000e+00
0.000000000000000000e+00
0.000000000000000000e+00
0.000000000000000000e+00
0.000000000000000000e+00
0.000000000000000000e+00
0.000000000000000000e+00
0.000000000000000000e+00
0.000000000000000000e+00
9.390464921918283310e-04
1.878092984383656662e-03
7.512371937534626648e-03
1.032951141411011207e-02
1.220760439849376787e-02
1.784188335164473699e-02
2.065902282822022415e-02
2.629330178137119500e-02
3.662281319548130881e-02
4.131804565644044830e-02
5.070851057835872727e-02
5.540374303931787370e-02
6.479420796123615267e-02
7.981895183630541291e-02
8.639227728164820819e-02
9.108750974260734767e-02
1.173808115239785427e-01
1.324055553990478029e-01
1.455522062897333935e-01
2.591768318449446107e-01
2.742015757200138570e-01
3.399348301734418376e-01
3.690452714313885441e-01
4.178756890253635947e-01
4.432299443145429896e-01
4.657670601271468591e-01
6.066240339559211270e-01
3.690452714313885441e-01
7.071020086204466981e-01
7.737743095660665205e-01
9.099360509338816350e-01
9.597055150200485274e-01
1.077086326544027139e+00
1.145636720474030534e+00
1.199162370528964905e+00
7.972504718708623095e+00
8.251401526889596383e+00
8.838305584509488000e+00
9.472161966738973149e+00
1.141129297311509738e+01
1.215689588791540920e+01
1.367721215877397967e+01
1.449230451399648700e+01
1.537594726314899773e+01
3.097069235897869177e+01
3.365918246612389453e+01
4.501788883567625277e+01
5.012536270670760530e+01
5.433792527068014522e+01
