1.000000000000000000e+02
1.000000000000000000e+02
1.000000000000000000e+02
1.000000000000000000e+02
1.000000000000000000e+02
1.000000000000000000e+02
1.000000000000000000e+02
1.000000000000000000e+02
1.000000000000000000e+02
1.000000000000000000e+02
1.000000000000000000e+02
1.000000000000000000e+02
1.000000000000000000e+02
1.000000000000000000e+02
1.000000000000000000e+02
1.000000000000000000e+02
1.000000000000000000e+02
1.000000000000000000e+02
1.000000000000000000e+02
1.000000000000000000e+02
1.000000000000000000e+02
1.000000000000000000e+02
1.000000000000000000e+02
1.000000000000000000e+02
9.978354978354978755e+01
9.956709956709956089e+01
9.956709956709956089e+01
9.956709956709956089e+01
9.956709956709956089e+01
9.913419913419913598e+01
9.891774891774890932e+01
9.761904761904762040e+01
9.696969696969696884e+01
9.567099567099566571e+01
9.523809523809524080e+01
9.458874458874458924e+01
9.350649350649349856e+01
9.220779220779220964e+01
9.112554112554111896e+01
9.004329004329004249e+01
8.809523809523808779e+01
8.636363636363635976e+01
8.484848484848484418e+01
8.419913419913419261e+01
8.030303030303029743e+01
7.748917748917749293e+01
7.532467532467532578e+01
7.272727272727271952e+01
7.034632034632033992e+01
6.818181818181818699e+01
6.601731601731601984e+01
6.255411255411254956e+01
5.865800865800865438e+01
5.649350649350649434e+01
5.454545454545454675e+01
5.259740259740259916e+01
5.064935064935065157e+01
4.805194805194805241e+01
3.203463203463203257e+01
3.073593073593073655e+01
2.943722943722943697e+01
2.575757575757575779e+01
2.445887445887445821e+01
2.294372294372294263e+01
1.948051948051947946e+01
1.796536796536796388e+01
1.580086580086580028e+01
1.515151515151515049e+01
1.471861471861471848e+01
1.363636363636363669e+01
1.255411255411255311e+01
1.212121212121212110e+01
1.082251082251082153e+01
1.017316017316017351e+01
9.740259740259739729e+00
4.545454545454544970e+00
3.896103896103896069e+00
3.679653679653679621e+00
3.679653679653679621e+00
3.030303030303030276e+00
2.813852813852813828e+00
2.380952380952380931e+00
1.515151515151515138e+00
3.679653679653679621e+00
1.515151515151515138e+00
1.515151515151515138e+00
1.298701298701298690e+00
1.298701298701298690e+00
8.658008658008657932e-01
8.658008658008657932e-01
8.658008658008657932e-01
0.000000000000000000e+00
0.000000000000000000e+00
0.000000000000000000e+00
0.000000000000000000e+00
0.000000000000000000e+00
0.000000000000000000e+00
0.000000000000000000e+00
0.000000000000000000e+00
0.000000000000000000e+00
0.000000000000000000e+00
0.000000000000000000e+00
0.000000000000000000e+00
0.000000000000000000e+00
0.000000000000000000e+00
