0.000000000000000000e+00
0.000000000000000000e+00
0.000000000000000000e+00
0.000000000000000000e+00
0.000000000000000000e+00
0.000000000000000000e+00
0.000000000000000000e+00
0.000000000000000000e+00
0.000000000000000000e+00
0.000000000000000000e+00
0.000000000000000000e+00
0.000000000000000000e+00
0.000000000000000000e+00
0.000000000000000000e+00
0.000000000000000000e+00
0.000000000000000000e+00
0.000000000000000000e+00
0.000000000000000000e+00
0.000000000000000000e+00
0.000000000000000000e+00
0.000000000000000000e+00
0.000000000000000000e+00
0.000000000000000000e+00
0.000000000000000000e+00
0.000000000000000000e+00
0.000000000000000000e+00
1.112217767790062241e-05
4.448871071160248966e-05
4.448871071160248966e-05
1.334661321348074622e-04
1.334661321348074622e-04
1.779548428464099586e-04
2.446879089138136762e-04
3.336653303370186690e-04
4.226427517602236619e-04
4.560092847939255342e-04
7.006971937077392104e-04
7.563080820972423310e-04
9.231407472657516926e-04
1.868525849887304633e-03
2.391268200748633641e-03
2.802788774830956842e-03
3.192064993557478577e-03
4.726925513107764487e-03
5.338645285392298705e-03
6.450863053182360682e-03
7.240537668313304885e-03
7.896746151309442033e-03
5.210740242096442015e-02
6.019322559279816770e-02
7.932337119878724030e-02
9.103502429361659543e-02
1.032471753839514783e-01
2.225102866240798449e-01
2.431196818612297028e-01
3.337987964691535026e-01
3.583899313149917498e-01
