1.000000000000000000e+02
1.000000000000000000e+02
1.000000000000000000e+02
1.000000000000000000e+02
1.000000000000000000e+02
1.000000000000000000e+02
9.997596153846153300e+01
9.990384615384614619e+01
9.987980769230769340e+01
9.971153846153845279e+01
9.968750000000000000e+01
9.966346153846153300e+01
9.961538461538461320e+01
9.944711538461538680e+01
9.939903846153845279e+01
9.920673076923075939e+01
9.899038461538461320e+01
9.894230769230769340e+01
9.882211538461538680e+01
9.872596153846153300e+01
9.848557692307691980e+01
9.814903846153845279e+01
9.771634615384614619e+01
9.730769230769230660e+01
9.701923076923075939e+01
9.665865384615383959e+01
9.600961538461538680e+01
9.548076923076922640e+01
9.480769230769230660e+01
8.992788461538461320e+01
8.891826923076922640e+01
8.778846153846153300e+01
8.644230769230769340e+01
8.435096153846153300e+01
8.324519230769230660e+01
8.180288461538461320e+01
7.901442307692308020e+01
7.747596153846153300e+01
7.586538461538461320e+01
6.961538461538461320e+01
6.637019230769230660e+01
6.483173076923077360e+01
6.317307692307691980e+01
5.841346153846153300e+01
5.682692307692307310e+01
5.355769230769230660e+01
5.201923076923076650e+01
5.052884615384615330e+01
2.531250000000000000e+01
2.377403846153845990e+01
2.062500000000000000e+01
1.915865384615384670e+01
1.750000000000000000e+01
1.151442307692307665e+01
1.103365384615384492e+01
9.134615384615385025e+00
8.750000000000000000e+00
