1.000000000000000000e+02
1.000000000000000000e+02
1.000000000000000000e+02
1.000000000000000000e+02
1.000000000000000000e+02
1.000000000000000000e+02
1.000000000000000000e+02
1.000000000000000000e+02
1.000000000000000000e+02
1.000000000000000000e+02
1.000000000000000000e+02
1.000000000000000000e+02
1.000000000000000000e+02
1.000000000000000000e+02
1.000000000000000000e+02
1.000000000000000000e+02
1.000000000000000000e+02
9.914529914529914834e+01
9.914529914529914834e+01
9.914529914529914834e+01
9.914529914529914834e+01
9.829059829059829667e+01
9.829059829059829667e+01
9.743589743589744501e+01
9.658119658119659334e+01
9.658119658119659334e+01
9.658119658119659334e+01
9.487179487179487580e+01
9.316239316239317247e+01
8.974358974358975161e+01
8.803418803418803407e+01
8.803418803418803407e+01
8.632478632478633074e+01
8.461538461538462741e+01
8.290598290598290987e+01
8.290598290598290987e+01
8.119658119658120654e+01
7.948717948717948900e+01
7.948717948717948900e+01
6.752136752136752307e+01
6.239316239316239887e+01
6.068376068376068844e+01
5.811965811965812634e+01
5.641025641025641590e+01
5.470085470085470547e+01
5.042735042735043294e+01
4.700854700854701207e+01
4.529914529914530164e+01
2.051282051282051455e+01
1.880341880341880412e+01
1.452991452991453158e+01
1.025641025641025728e+01
9.401709401709402059e+00
5.128205128205128638e+00
5.128205128205128638e+00
5.128205128205128638e+00
5.128205128205128638e+00
