0.000000000000000000e+00
0.000000000000000000e+00
0.000000000000000000e+00
1.336612489307100089e-03
4.455374964357000298e-03
1.113843741089249988e-02
2.094026233247790053e-02
3.920729968634160262e-02
7.262261191901910051e-02
1.323246364414029097e-01
2.151946107784431239e-01
3.274700598802395279e-01
4.838537211291702445e-01
7.092956943256344404e-01
9.899843170801254644e-01
1.373592101511263097e+00
1.816456372968348942e+00
2.376497005988023936e+00
3.054159538066723467e+00
3.865037781579697906e+00
4.859031936127744089e+00
5.963519389791844816e+00
7.309933704020529888e+00
8.752138579982890576e+00
1.041711220416310191e+01
1.227544910179640780e+01
1.430353578557171446e+01
1.655260906757912664e+01
1.898658041060735613e+01
2.156624251497006028e+01
2.430317935557456366e+01
2.711496649558026917e+01
2.997709937268320601e+01
3.294304248645565991e+01
3.593304462503564167e+01
3.897606572569147687e+01
4.188809880239521277e+01
4.468874750499001891e+01
4.720336113487311280e+01
4.944708796692329855e+01
5.135532506415739817e+01
5.294945822640433164e+01
5.434577274023381932e+01
5.570287995437696082e+01
5.716691616766466666e+01
5.897134302822925633e+01
6.140531437125748226e+01
6.455214570858282741e+01
6.862881380096949613e+01
7.342502495009979668e+01
7.861108140861135496e+01
