8.199404761904762040e+01
7.217261904761905100e+01
6.383928571428571530e+01
5.208333333333333570e+01
4.226190476190476630e+01
3.229166666666667140e+01
2.589285714285714235e+01
1.994047619047618980e+01
1.592261904761904745e+01
1.190476190476190510e+01
8.035714285714286476e+00
6.398809523809523725e+00
4.761904761904761862e+00
2.976190476190476275e+00
2.232142857142857206e+00
1.934523809523809534e+00
1.339285714285714413e+00
5.952380952380952328e-01
4.464285714285714524e-01
4.464285714285714524e-01
2.976190476190476164e-01
2.976190476190476164e-01
2.976190476190476164e-01
0.000000000000000000e+00
0.000000000000000000e+00
0.000000000000000000e+00
0.000000000000000000e+00
0.000000000000000000e+00
0.000000000000000000e+00
0.000000000000000000e+00
0.000000000000000000e+00
0.000000000000000000e+00
0.000000000000000000e+00
0.000000000000000000e+00
0.000000000000000000e+00
0.000000000000000000e+00
0.000000000000000000e+00
0.000000000000000000e+00
0.000000000000000000e+00
0.000000000000000000e+00
0.000000000000000000e+00
0.000000000000000000e+00
0.000000000000000000e+00
0.000000000000000000e+00
0.000000000000000000e+00
0.000000000000000000e+00
0.000000000000000000e+00
0.000000000000000000e+00
0.000000000000000000e+00
0.000000000000000000e+00
0.000000000000000000e+00
