0.000000000000000000e+00
0.000000000000000000e+00
0.000000000000000000e+00
0.000000000000000000e+00
0.000000000000000000e+00
0.000000000000000000e+00
0.000000000000000000e+00
0.000000000000000000e+00
0.000000000000000000e+00
0.000000000000000000e+00
0.000000000000000000e+00
0.000000000000000000e+00
0.000000000000000000e+00
0.000000000000000000e+00
0.000000000000000000e+00
1.112217767790062241e-05
1.112217767790062241e-05
2.224435535580124483e-05
4.448871071160248966e-05
5.561088838950311377e-05
1.223439544569068381e-04
1.557104874906087104e-04
4.115205740823230378e-04
5.672310615729317211e-04
7.006971937077392104e-04
9.676294579773541890e-04
1.312416965992273428e-03
1.701693184718795163e-03
2.291168601647528349e-03
8.386121969137069060e-03
1.026576999670227551e-02
1.273489344119621211e-02
1.564890399280617628e-02
2.212201140134433669e-02
2.610375101003276077e-02
3.050813337048140922e-02
3.950597511190301336e-02
4.457768813302569189e-02
5.021663221572131297e-02
7.674302597751429811e-02
9.172459930964643737e-02
1.002775539439520192e-01
1.088749972889691969e-01
1.389271213746566813e-01
1.501493986516584112e-01
1.742177911466353535e-01
1.869860511208652765e-01
2.006996961977167426e-01
8.708442678242629409e-01
9.951012368417686549e-01
1.295166468413849525e+00
1.473710786677188356e+00
1.675767388551608894e+00
3.986299701536362150e+00
4.483850319957246811e+00
7.003045808357093449e+00
7.784890410402795169e+00
