1.000000000000000000e+02
1.000000000000000000e+02
1.000000000000000000e+02
1.000000000000000000e+02
1.000000000000000000e+02
1.000000000000000000e+02
9.997596153846153300e+01
9.997596153846153300e+01
9.997596153846153300e+01
9.992788461538461320e+01
9.987980769230769340e+01
9.987980769230769340e+01
9.980769230769230660e+01
9.966346153846153300e+01
9.956730769230769340e+01
9.944711538461538680e+01
9.915865384615383959e+01
9.882211538461538680e+01
9.848557692307691980e+01
9.807692307692308020e+01
9.742788461538461320e+01
9.689903846153845279e+01
9.562500000000000000e+01
9.449519230769230660e+01
9.358173076923075939e+01
9.259615384615383959e+01
9.120192307692308020e+01
8.973557692307691980e+01
8.802884615384614619e+01
7.858173076923077360e+01
7.639423076923077360e+01
7.411057692307691980e+01
7.153846153846153300e+01
6.685096153846153300e+01
6.483173076923077360e+01
6.223557692307691980e+01
5.795673076923076650e+01
5.538461538461537970e+01
5.358173076923076650e+01
4.439903846153845990e+01
4.048076923076922640e+01
3.836538461538461320e+01
3.649038461538461320e+01
3.091346153846153655e+01
2.937500000000000000e+01
2.620192307692307665e+01
2.504807692307692335e+01
2.362980769230768985e+01
7.283653846153845812e+00
6.250000000000000000e+00
4.495192307692307487e+00
3.846153846153845812e+00
3.245192307692307487e+00
1.033653846153846034e+00
8.894230769230768718e-01
3.125000000000000000e-01
2.884615384615384359e-01
