2.331208441287970640e-02
2.756075628583774112e-02
3.014110150711068678e-02
3.284379068284053876e-02
4.139674531714612055e-02
4.463329902141519728e-02
5.210740242096442015e-02
5.585557629841692712e-02
6.019322559279816770e-02
6.933565564403247616e-02
7.408482551249605252e-02
7.932337119878724030e-02
9.103502429361659543e-02
9.660723531024480171e-02
1.032471753839514783e-01
1.561442524200468418e-01
1.652866824712811433e-01
1.928363165794410028e-01
2.028129099565178506e-01
2.225102866240798449e-01
2.325981017779357174e-01
2.431196818612297028e-01
2.863627086729073068e-01
2.028129099565178506e-01
3.219981659529009277e-01
3.337987964691535026e-01
3.718922550159631246e-01
3.849608137874963587e-01
4.124882035403004132e-01
4.262240929725076843e-01
4.402714033796961690e-01
2.037371629215513735e+00
2.118774847640068515e+00
2.292525507324232326e+00
2.483104021835059516e+00
3.149544908294864776e+00
3.410193142176465741e+00
4.002449103524673646e+00
4.337371239939295187e+00
4.701555825824473622e+00
