3.480769230769230660e+01
3.286057692307691980e+01
3.185096153846153655e+01
3.084134615384615330e+01
2.771634615384615330e+01
2.694711538461538325e+01
2.531250000000000000e+01
2.454326923076922995e+01
2.377403846153845990e+01
2.221153846153845990e+01
2.156250000000000000e+01
2.062500000000000000e+01
1.915865384615384670e+01
1.834134615384615330e+01
1.750000000000000000e+01
1.389423076923076827e+01
1.355769230769230660e+01
1.242788461538461497e+01
1.206730769230769162e+01
1.151442307692307665e+01
1.132211538461538503e+01
1.103365384615384492e+01
9.975961538461538325e+00
1.206730769230769162e+01
9.423076923076923350e+00
9.134615384615385025e+00
8.557692307692306599e+00
8.269230769230768274e+00
7.764423076923076650e+00
7.596153846153845812e+00
7.307692307692307487e+00
1.201923076923076872e+00
1.153846153846153744e+00
1.057692307692307709e+00
9.375000000000000000e-01
6.490384615384615641e-01
6.009615384615384359e-01
5.048076923076922906e-01
4.086538461538461453e-01
3.846153846153845812e-01
