1.579349230261888407e-03
3.192064993557478577e-03
5.850265458575727197e-03
9.654050224417740425e-03
1.525962777407965411e-02
2.331208441287970640e-02
3.554647985857038728e-02
5.210740242096442015e-02
7.408482551249605252e-02
1.032471753839514783e-01
1.390605875067914832e-01
1.835159316853602618e-01
2.325981017779357174e-01
2.863627086729073068e-01
3.456995265845071441e-01
4.124882035403004132e-01
4.868288391393881254e-01
5.760398262938289937e-01
6.802546311357579034e-01
8.070697010191807408e-01
9.611007396804265301e-01
1.151523543703762975e+00
1.385411818092335157e+00
1.675778510729286852e+00
2.037371629215513735e+00
2.483104021835059516e+00
3.026744944553164007e+00
3.695755054056564237e+00
4.514959050922334960e+00
5.520960021888446256e+00
6.747191233054667059e+00
8.217120479321369686e+00
9.982588230845246713e+00
1.204699787399573729e+01
1.447466896228413979e+01
1.729685481498535538e+01
2.059813959333981970e+01
2.443540211399231055e+01
2.886983659852664630e+01
3.386233747022732388e+01
3.936789327603187871e+01
4.528567035311245803e+01
5.147307126146070999e+01
5.773500188242857689e+01
6.392803061268184450e+01
6.989716990627897530e+01
7.549615200457789399e+01
8.055022525190342719e+01
8.498142318273349360e+01
8.872901870694674642e+01
9.179550319234304823e+01
