7.134615384615383959e+01
6.317307692307691980e+01
5.502403846153845990e+01
4.769230769230769340e+01
4.096153846153845990e+01
3.480769230769230660e+01
2.973557692307692335e+01
2.531250000000000000e+01
2.156250000000000000e+01
1.750000000000000000e+01
1.480769230769230660e+01
1.283653846153846168e+01
1.132211538461538503e+01
9.975961538461538325e+00
8.894230769230768274e+00
7.764423076923076650e+00
6.610576923076922462e+00
5.408653846153845812e+00
4.591346153846153300e+00
3.798076923076922906e+00
2.908653846153846256e+00
2.307692307692307487e+00
2.043269230769230838e+00
1.634615384615384581e+00
1.201923076923076872e+00
9.375000000000000000e-01
6.730769230769230171e-01
5.528846153846154188e-01
3.846153846153845812e-01
3.365384615384615086e-01
2.884615384615384359e-01
2.163461538461538269e-01
1.923076923076922906e-01
1.682692307692307543e-01
1.442307692307692180e-01
1.201923076923076816e-01
1.201923076923076816e-01
1.201923076923076816e-01
1.201923076923076816e-01
9.615384615384614531e-02
7.211538461538460898e-02
4.807692307692307265e-02
4.807692307692307265e-02
4.807692307692307265e-02
2.403846153846153633e-02
2.403846153846153633e-02
2.403846153846153633e-02
2.403846153846153633e-02
2.403846153846153633e-02
2.403846153846153633e-02
2.403846153846153633e-02
