4.323190463399972233e-02
4.939359106755666223e-02
5.247443428433513912e-02
5.534395612523349689e-02
6.661072211294682965e-02
7.071480567609216006e-02
7.888960626934911347e-02
8.374999791459168674e-02
8.829896858485304645e-02
9.751925387983266524e-02
1.027355552107680481e-01
1.080185896077708457e-01
1.190851563972819688e-01
1.251356210540598979e-01
1.314530179751074446e-01
1.815584284140497606e-01
1.902448491804901443e-01
2.184729361270019432e-01
2.289389053219064163e-01
2.498597215340374877e-01
2.611932205878182423e-01
2.728603849719359875e-01
3.253904301446606251e-01
2.289389053219064163e-01
3.711581912892216728e-01
3.874966702980576772e-01
4.425180832706320788e-01
4.632053337515272262e-01
5.066040710506954925e-01
5.291709695591557683e-01
5.524496874390018020e-01
3.433505226589345316e+00
3.571820628191717528e+00
3.862665574468818974e+00
4.170249398151160136e+00
5.237922844341230899e+00
5.641869215424903494e+00
6.546146749348936034e+00
7.039393085008472717e+00
7.562213291113547342e+00
