3.266826923076922640e+01
3.086538461538461320e+01
2.980769230769230660e+01
2.872596153846153655e+01
2.641826923076922995e+01
2.562500000000000000e+01
2.355769230769230660e+01
2.295673076923077005e+01
2.204326923076922995e+01
2.062500000000000000e+01
2.007211538461538325e+01
1.920673076923077005e+01
1.795673076923077005e+01
1.750000000000000000e+01
1.711538461538461320e+01
1.375000000000000000e+01
1.314903846153846168e+01
1.223557692307692335e+01
1.197115384615384492e+01
1.137019230769230660e+01
1.122596153846153832e+01
1.100961538461538503e+01
9.951923076923076650e+00
1.197115384615384492e+01
9.254807692307691624e+00
9.134615384615385025e+00
8.413461538461538325e+00
8.197115384615385025e+00
7.716346153846153300e+00
7.548076923076922462e+00
7.283653846153845812e+00
1.177884615384615419e+00
1.129807692307692291e+00
1.033653846153846034e+00
1.009615384615384581e+00
8.413461538461538547e-01
7.932692307692307265e-01
7.211538461538461453e-01
6.971153846153845812e-01
6.971153846153845812e-01
