4.916002533632075205e-03
8.764276010185690496e-03
1.401394387415478421e-02
2.127672589782389143e-02
3.146464065078086181e-02
4.323190463399972233e-02
5.893641951519539707e-02
7.888960626934911347e-02
1.027355552107680481e-01
1.314530179751074446e-01
1.658761578882098908e-01
2.091859177659549096e-01
2.611932205878182423e-01
3.253904301446606251e-01
4.056814308014252135e-01
5.066040710506954925e-01
6.289591476852801621e-01
7.832904851438292626e-01
9.774725852222961864e-01
1.216443694809669074e+00
1.511025692786544861e+00
1.866868645413297445e+00
2.299877266769324358e+00
2.816068654978370223e+00
3.433505226589345316e+00
4.170249398151160136e+00
5.042595159961940077e+00
6.080772590950218159e+00
7.297794638999137717e+00
8.706140387463303654e+00
1.032746471628158957e+01
1.217210012851676382e+01
1.426227985734695025e+01
1.661687823829154453e+01
1.925097694428178485e+01
2.216247388373654204e+01
2.535830929552682633e+01
2.886522089479031905e+01
3.268693461104910369e+01
3.682728759560207266e+01
4.121345182901431770e+01
4.581533069848943995e+01
5.057998263828064722e+01
5.548079227720470641e+01
6.044475364098389036e+01
6.538212187793521935e+01
7.014702962781301210e+01
7.464962081715751196e+01
7.883851098509684618e+01
8.264066079082020622e+01
8.601178172281420586e+01
