7.004807692307691980e+01
6.170673076923076650e+01
5.350961538461537970e+01
4.572115384615384670e+01
3.850961538461538680e+01
3.266826923076922640e+01
2.807692307692307665e+01
2.355769230769230660e+01
2.007211538461538325e+01
1.711538461538461320e+01
1.483173076923076827e+01
1.259615384615384492e+01
1.122596153846153832e+01
9.951923076923076650e+00
8.774038461538461675e+00
7.716346153846153300e+00
6.778846153846153300e+00
5.745192307692307487e+00
4.639423076923076650e+00
3.894230769230769162e+00
3.028846153846153744e+00
2.187500000000000000e+00
1.826923076923076872e+00
1.418269230769230616e+00
1.177884615384615419e+00
1.009615384615384581e+00
8.653846153846153078e-01
7.451923076923077094e-01
6.971153846153845812e-01
6.730769230769230171e-01
6.490384615384615641e-01
6.250000000000000000e-01
6.009615384615384359e-01
5.048076923076922906e-01
3.605769230769230727e-01
2.644230769230769273e-01
2.403846153846153633e-01
2.403846153846153633e-01
1.923076923076922906e-01
1.442307692307692180e-01
1.201923076923076816e-01
9.615384615384614531e-02
7.211538461538460898e-02
4.807692307692307265e-02
4.807692307692307265e-02
2.403846153846153633e-02
2.403846153846153633e-02
2.403846153846153633e-02
2.403846153846153633e-02
2.403846153846153633e-02
2.403846153846153633e-02
