0.000000000000000000e+00
0.000000000000000000e+00
0.000000000000000000e+00
0.000000000000000000e+00
1.336612489307100089e-03
1.336612489307100089e-03
2.673224978614200179e-03
8.019674935842600536e-03
1.292058739663530000e-02
2.361348731109210244e-02
4.589036213287710220e-02
7.395922440832621014e-02
1.167308240661534130e-01
1.733140861134873090e-01
2.499465355004277245e-01
3.608853721129170466e-01
5.137047333903621560e-01
6.905831194753350166e-01
9.485493299116053434e-01
1.243940690048474407e+00
1.584776874821784975e+00
2.014720558882235668e+00
2.539563729683490312e+00
3.164207299686341734e+00
3.879294981465640113e+00
4.710667949814656197e+00
5.660999429712004094e+00
6.778853008269176250e+00
8.033041060735671479e+00
9.458315511833475853e+00
1.107784431137724468e+01
1.285910322212717460e+01
1.487783361847733055e+01
1.719641074992871310e+01
1.971013330481893178e+01
2.257894924436840611e+01
2.573870116909039041e+01
2.917334972911320179e+01
3.282675719988593954e+01
3.675105146849158899e+01
4.090702523524380041e+01
4.515255203877958223e+01
4.967074779013401553e+01
5.457255132591959068e+01
6.000454448246364336e+01
6.617212004562303207e+01
7.295275520387795609e+01
8.003947462218420128e+01
8.645966994582263965e+01
9.162612275449102128e+01
9.522829341317364538e+01
