9.434523809523810201e+01
8.854166666666667140e+01
8.318452380952381020e+01
7.633928571428572241e+01
6.547619047619048160e+01
5.446428571428571530e+01
4.761904761904762040e+01
3.928571428571428470e+01
3.095238095238095255e+01
2.395833333333333570e+01
1.889880952380952550e+01
1.488095238095238138e+01
1.101190476190476275e+01
8.630952380952381375e+00
7.291666666666666963e+00
5.654761904761905100e+00
4.464285714285714413e+00
2.976190476190476275e+00
2.083333333333333481e+00
1.488095238095238138e+00
1.339285714285714413e+00
1.190476190476190466e+00
1.041666666666666741e+00
8.928571428571429047e-01
2.976190476190476164e-01
1.488095238095238082e-01
1.488095238095238082e-01
1.488095238095238082e-01
1.488095238095238082e-01
0.000000000000000000e+00
0.000000000000000000e+00
0.000000000000000000e+00
0.000000000000000000e+00
0.000000000000000000e+00
0.000000000000000000e+00
0.000000000000000000e+00
0.000000000000000000e+00
0.000000000000000000e+00
0.000000000000000000e+00
0.000000000000000000e+00
0.000000000000000000e+00
0.000000000000000000e+00
0.000000000000000000e+00
0.000000000000000000e+00
0.000000000000000000e+00
0.000000000000000000e+00
0.000000000000000000e+00
0.000000000000000000e+00
0.000000000000000000e+00
0.000000000000000000e+00
0.000000000000000000e+00
