0.000000000000000000e+00
0.000000000000000000e+00
0.000000000000000000e+00
0.000000000000000000e+00
0.000000000000000000e+00
0.000000000000000000e+00
0.000000000000000000e+00
0.000000000000000000e+00
0.000000000000000000e+00
0.000000000000000000e+00
0.000000000000000000e+00
0.000000000000000000e+00
0.000000000000000000e+00
0.000000000000000000e+00
0.000000000000000000e+00
0.000000000000000000e+00
0.000000000000000000e+00
0.000000000000000000e+00
0.000000000000000000e+00
0.000000000000000000e+00
0.000000000000000000e+00
0.000000000000000000e+00
0.000000000000000000e+00
0.000000000000000000e+00
0.000000000000000000e+00
0.000000000000000000e+00
0.000000000000000000e+00
0.000000000000000000e+00
0.000000000000000000e+00
0.000000000000000000e+00
0.000000000000000000e+00
0.000000000000000000e+00
0.000000000000000000e+00
0.000000000000000000e+00
0.000000000000000000e+00
0.000000000000000000e+00
0.000000000000000000e+00
0.000000000000000000e+00
0.000000000000000000e+00
1.473622163277335702e-02
1.473622163277335702e-02
1.473622163277335702e-02
1.473622163277335702e-02
1.473622163277335702e-02
1.473622163277335702e-02
1.473622163277335702e-02
1.473622163277335702e-02
1.473622163277335702e-02
1.620984379605069359e-01
1.620984379605069359e-01
2.505157677571470676e-01
2.652519893899204506e-01
3.094606542882404887e-01
4.126142057176540034e-01
4.273504273504273310e-01
6.041850869437076499e-01
6.041850869437076499e-01
