1.000000000000000000e+02
1.000000000000000000e+02
1.000000000000000000e+02
1.000000000000000000e+02
1.000000000000000000e+02
9.914529914529914834e+01
9.914529914529914834e+01
9.914529914529914834e+01
9.914529914529914834e+01
9.914529914529914834e+01
9.914529914529914834e+01
9.914529914529914834e+01
9.914529914529914834e+01
9.914529914529914834e+01
9.829059829059829667e+01
9.743589743589744501e+01
9.743589743589744501e+01
9.572649572649572747e+01
9.401709401709402414e+01
9.401709401709402414e+01
9.401709401709402414e+01
9.230769230769230660e+01
9.059829059829060327e+01
8.974358974358975161e+01
8.974358974358975161e+01
8.888888888888889994e+01
8.547008547008547907e+01
8.290598290598290987e+01
8.290598290598290987e+01
7.692307692307693401e+01
7.435897435897436480e+01
7.179487179487179560e+01
7.094017094017094394e+01
6.581196581196581974e+01
6.410256410256410220e+01
6.239316239316239887e+01
5.811965811965812634e+01
5.726495726495726757e+01
5.641025641025641590e+01
5.213675213675214337e+01
4.700854700854701207e+01
4.273504273504273954e+01
4.273504273504273954e+01
3.418803418803418737e+01
3.333333333333333570e+01
3.162393162393162527e+01
2.905982905982906317e+01
2.735042735042735274e+01
1.111111111111111249e+01
1.111111111111111249e+01
8.547008547008546842e+00
6.837606837606838184e+00
5.982905982905982967e+00
2.564102564102564319e+00
1.709401709401709546e+00
8.547008547008547730e-01
8.547008547008547730e-01
