9.390464921918283310e-04
9.390464921918283310e-04
9.390464921918283310e-04
1.878092984383656662e-03
4.695232460959142089e-03
1.408569738287742540e-02
2.723234827356302290e-02
4.413518513301593199e-02
6.948944042219529216e-02
1.173808115239785427e-01
1.784188335164473838e-01
2.751406222122056988e-01
3.953385732127597252e-01
5.793916856823581041e-01
7.972504718708622873e-01
1.073330140575259772e+00
1.384154529490754904e+00
1.792639753594200247e+00
2.277187743565183720e+00
2.866908940661652139e+00
3.546778601008535592e+00
4.343090026387206315e+00
5.318759331774515431e+00
6.489750307537725860e+00
7.736804049168473973e+00
9.151008066409367814e+00
1.078870514879191589e+01
1.259730869275337639e+01
1.470546806772403237e+01
1.689438544102318218e+01
1.941384717957386030e+01
2.200937168399207167e+01
2.492792818172427616e+01
2.800424449014470341e+01
3.135851856025391626e+01
3.488651623141861791e+01
3.850090617986496255e+01
4.210402757040500887e+01
4.554938915025682888e+01
4.881820998957658020e+01
5.173113220835563197e+01
5.421678827318740446e+01
5.645641415706491273e+01
5.848193744072268885e+01
6.045863030678648187e+01
6.285413790836783932e+01
6.590885614746785848e+01
6.971293348733695439e+01
7.445981350536663967e+01
7.954193312110882630e+01
8.465691936407770868e+01
