8.138528138528138811e+01
7.034632034632033992e+01
5.844155844155844193e+01
4.913419913419913598e+01
4.047619047619047450e+01
3.181818181818181657e+01
2.380952380952381020e+01
1.796536796536796388e+01
1.255411255411255311e+01
8.874458874458873936e+00
6.277056277056276556e+00
4.329004329004328966e+00
3.030303030303030276e+00
1.948051948051948035e+00
1.731601731601731586e+00
1.082251082251082241e+00
4.329004329004328966e-01
2.164502164502164483e-01
2.164502164502164483e-01
2.164502164502164483e-01
0.000000000000000000e+00
0.000000000000000000e+00
0.000000000000000000e+00
0.000000000000000000e+00
0.000000000000000000e+00
0.000000000000000000e+00
0.000000000000000000e+00
0.000000000000000000e+00
0.000000000000000000e+00
0.000000000000000000e+00
0.000000000000000000e+00
0.000000000000000000e+00
0.000000000000000000e+00
0.000000000000000000e+00
0.000000000000000000e+00
0.000000000000000000e+00
0.000000000000000000e+00
0.000000000000000000e+00
0.000000000000000000e+00
0.000000000000000000e+00
0.000000000000000000e+00
0.000000000000000000e+00
0.000000000000000000e+00
0.000000000000000000e+00
0.000000000000000000e+00
0.000000000000000000e+00
0.000000000000000000e+00
0.000000000000000000e+00
0.000000000000000000e+00
0.000000000000000000e+00
0.000000000000000000e+00
