1.000000000000000000e+02
1.000000000000000000e+02
1.000000000000000000e+02
1.000000000000000000e+02
1.000000000000000000e+02
1.000000000000000000e+02
9.997596153846153300e+01
9.990384615384614619e+01
9.987980769230769340e+01
9.971153846153845279e+01
9.968750000000000000e+01
9.966346153846153300e+01
9.961538461538461320e+01
9.944711538461538680e+01
9.939903846153845279e+01
9.899038461538461320e+01
9.894230769230769340e+01
9.872596153846153300e+01
9.848557692307691980e+01
9.814903846153845279e+01
9.771634615384614619e+01
9.730769230769230660e+01
9.701923076923075939e+01
9.600961538461538680e+01
9.548076923076922640e+01
9.480769230769230660e+01
8.324519230769230660e+01
8.180288461538461320e+01
7.901442307692308020e+01
7.586538461538461320e+01
6.317307692307691980e+01
5.682692307692307310e+01
5.052884615384615330e+01
