1.000000000000000000e+02
1.000000000000000000e+02
1.000000000000000000e+02
1.000000000000000000e+02
1.000000000000000000e+02
1.000000000000000000e+02
1.000000000000000000e+02
1.000000000000000000e+02
1.000000000000000000e+02
1.000000000000000000e+02
1.000000000000000000e+02
1.000000000000000000e+02
1.000000000000000000e+02
1.000000000000000000e+02
9.957264957264958127e+01
9.957264957264958127e+01
9.957264957264958127e+01
9.957264957264958127e+01
9.957264957264958127e+01
9.957264957264958127e+01
9.957264957264958127e+01
9.914529914529914834e+01
9.871794871794872961e+01
9.871794871794872961e+01
9.871794871794872961e+01
9.829059829059829667e+01
9.230769230769230660e+01
9.059829059829060327e+01
8.931623931623931867e+01
8.632478632478633074e+01
7.521367521367521647e+01
7.008547008547009227e+01
5.982905982905982967e+01
