0.000000000000000000e+00
0.000000000000000000e+00
0.000000000000000000e+00
0.000000000000000000e+00
0.000000000000000000e+00
0.000000000000000000e+00
0.000000000000000000e+00
0.000000000000000000e+00
0.000000000000000000e+00
0.000000000000000000e+00
0.000000000000000000e+00
0.000000000000000000e+00
0.000000000000000000e+00
0.000000000000000000e+00
0.000000000000000000e+00
1.112217767790062241e-05
1.112217767790062241e-05
2.224435535580124483e-05
6.673306606740373110e-05
7.785524374530435521e-05
2.669322642696149244e-04
3.559096856928199173e-04
4.671314624718261583e-04
8.897742142320498203e-04
1.178950833857465939e-03
1.657204474007192667e-03
2.353452796643771758e-02
2.748290104209243773e-02
3.599136696568641658e-02
4.646845833826879907e-02
1.041814383088951329e-01
1.460786816215467743e-01
1.978635408898520853e-01
