1.000000000000000000e+02
1.000000000000000000e+02
1.000000000000000000e+02
1.000000000000000000e+02
1.000000000000000000e+02
1.000000000000000000e+02
1.000000000000000000e+02
9.992788461538461320e+01
9.987980769230769340e+01
9.983173076923075939e+01
9.973557692307691980e+01
9.963942307692308020e+01
9.947115384615383959e+01
9.937500000000000000e+01
9.894230769230769340e+01
9.728365384615383959e+01
9.641826923076922640e+01
9.430288461538461320e+01
9.283653846153845279e+01
9.122596153846153300e+01
8.747596153846153300e+01
8.550480769230769340e+01
8.353365384615383959e+01
7.860576923076922640e+01
7.625000000000000000e+01
7.415865384615383959e+01
4.586538461538461320e+01
4.353365384615384670e+01
3.937500000000000000e+01
3.536057692307691980e+01
2.242788461538461320e+01
1.783653846153845990e+01
1.437500000000000000e+01
