4.695232460959141568e-02
9.296560272699100347e-02
1.821750194852146953e-01
3.192758073452216516e-01
5.286831751039993144e-01
8.216656806678498404e-01
1.169112882778826190e+00
1.622672338507479273e+00
2.165441210994356158e+00
2.819017569559868708e+00
3.572132856297714820e+00
4.447324187020498698e+00
5.466189631048632869e+00
6.611826351522663181e+00
7.891746720380125701e+00
9.455259129879520330e+00
1.108920002629330170e+01
1.293818256941901090e+01
1.497779155045966171e+01
1.731695636250950798e+01
1.995473795907635406e+01
2.283479355062868876e+01
2.590453653360377828e+01
2.913955169920462396e+01
3.253608286146246797e+01
3.592134546581400656e+01
3.951319829844775455e+01
4.292287611159628113e+01
4.634100534317453679e+01
4.951592153327511170e+01
5.247016179771060251e+01
5.522156801983265950e+01
5.763961273722661360e+01
6.010742691870674292e+01
6.267571907485139349e+01
6.567597261740428394e+01
6.935797391328844697e+01
7.384755519245757682e+01
7.890056436694180775e+01
8.422589702416165380e+01
8.918969678188766181e+01
9.334873369580526514e+01
9.639969574893652293e+01
9.831253345353127315e+01
9.934830173441886814e+01
9.974739649360039095e+01
9.992863246659341314e+01
9.998497525612492609e+01
9.999812190701561576e+01
9.999999999999998579e+01
9.999999999999998579e+01
