6.978054275114850546e-02
1.088749972889691969e-01
1.617387077920308669e-01
2.302846888209323928e-01
3.198627078387439870e-01
4.477010180685337404e-01
6.237428463543448487e-01
8.708442678242629409e-01
1.212929086663452338e+00
1.675767388551608894e+00
2.301790281329923360e+00
3.133884882124380322e+00
4.228585220071749085e+00
5.633149428125429736e+00
7.387038992686612460e+00
9.539580771756787314e+00
1.215135726714747832e+01
1.524819417542677158e+01
1.885409315602357694e+01
2.295218186540051875e+01
2.751213012502996236e+01
3.250628820120464724e+01
3.789231396350479741e+01
4.357448995083441190e+01
4.950938405936128817e+01
5.558224878198252128e+01
6.166544600766651740e+01
6.760720249982065866e+01
7.325565604443087864e+01
7.845393944752807158e+01
8.305003478461068767e+01
8.697655278112833344e+01
9.024603925350167799e+01
9.287993776029371418e+01
9.494456984699776569e+01
9.649761512705141797e+01
9.764347748231712387e+01
9.846533967964792566e+01
9.904071217528107240e+01
9.943112285613074164e+01
9.968645468908231067e+01
9.984288811812197650e+01
9.992964110400960465e+01
9.997252822113559034e+01
9.999052390461842776e+01
9.999713047815910727e+01
9.999932154716165655e+01
9.999995551128928639e+01
1.000000000000000000e+02
1.000000000000000000e+02
1.000000000000000000e+02
