4.637019230769230660e+01
3.649038461538461320e+01
2.788461538461538325e+01
2.079326923076922995e+01
1.625000000000000000e+01
1.276442307692307665e+01
9.831730769230768274e+00
7.283653846153845812e+00
4.879807692307692513e+00
3.245192307692307487e+00
2.019230769230769162e+00
1.274038461538461453e+00
9.615384615384614531e-01
5.769230769230768718e-01
2.884615384615384359e-01
1.923076923076922906e-01
1.442307692307692180e-01
1.442307692307692180e-01
1.201923076923076816e-01
1.201923076923076816e-01
1.201923076923076816e-01
9.615384615384614531e-02
4.807692307692307265e-02
4.807692307692307265e-02
2.403846153846153633e-02
2.403846153846153633e-02
0.000000000000000000e+00
0.000000000000000000e+00
0.000000000000000000e+00
0.000000000000000000e+00
0.000000000000000000e+00
0.000000000000000000e+00
0.000000000000000000e+00
0.000000000000000000e+00
0.000000000000000000e+00
0.000000000000000000e+00
0.000000000000000000e+00
0.000000000000000000e+00
0.000000000000000000e+00
0.000000000000000000e+00
0.000000000000000000e+00
0.000000000000000000e+00
0.000000000000000000e+00
0.000000000000000000e+00
0.000000000000000000e+00
0.000000000000000000e+00
0.000000000000000000e+00
0.000000000000000000e+00
0.000000000000000000e+00
0.000000000000000000e+00
0.000000000000000000e+00
