1.000000000000000000e+02
1.000000000000000000e+02
1.000000000000000000e+02
1.000000000000000000e+02
1.000000000000000000e+02
1.000000000000000000e+02
1.000000000000000000e+02
1.000000000000000000e+02
1.000000000000000000e+02
1.000000000000000000e+02
1.000000000000000000e+02
1.000000000000000000e+02
1.000000000000000000e+02
1.000000000000000000e+02
1.000000000000000000e+02
1.000000000000000000e+02
1.000000000000000000e+02
1.000000000000000000e+02
1.000000000000000000e+02
1.000000000000000000e+02
1.000000000000000000e+02
9.935064935064934843e+01
9.935064935064934843e+01
9.913419913419913598e+01
9.913419913419913598e+01
9.913419913419913598e+01
9.545454545454545325e+01
9.437229437229437679e+01
9.242424242424242209e+01
9.069264069264069406e+01
8.138528138528138811e+01
7.445887445887446177e+01
6.774891774891774787e+01
