1.000000000000000000e+02
1.000000000000000000e+02
1.000000000000000000e+02
1.000000000000000000e+02
9.914529914529914834e+01
9.914529914529914834e+01
9.914529914529914834e+01
9.914529914529914834e+01
9.914529914529914834e+01
9.914529914529914834e+01
9.914529914529914834e+01
9.914529914529914834e+01
9.829059829059829667e+01
9.829059829059829667e+01
9.829059829059829667e+01
9.743589743589744501e+01
9.743589743589744501e+01
9.743589743589744501e+01
9.743589743589744501e+01
9.658119658119659334e+01
9.572649572649572747e+01
9.487179487179487580e+01
9.401709401709402414e+01
9.230769230769230660e+01
8.888888888888889994e+01
8.803418803418803407e+01
6.324786324786325054e+01
6.324786324786325054e+01
5.384615384615384670e+01
5.299145299145299504e+01
3.931623931623931867e+01
3.333333333333333570e+01
2.735042735042735274e+01
