0.000000000000000000e+00
0.000000000000000000e+00
0.000000000000000000e+00
0.000000000000000000e+00
0.000000000000000000e+00
0.000000000000000000e+00
0.000000000000000000e+00
0.000000000000000000e+00
0.000000000000000000e+00
0.000000000000000000e+00
0.000000000000000000e+00
0.000000000000000000e+00
0.000000000000000000e+00
0.000000000000000000e+00
0.000000000000000000e+00
0.000000000000000000e+00
0.000000000000000000e+00
0.000000000000000000e+00
0.000000000000000000e+00
0.000000000000000000e+00
0.000000000000000000e+00
9.390464921918283310e-04
9.390464921918283310e-04
9.390464921918283310e-04
9.390464921918283310e-04
9.390464921918283310e-04
9.390464921918283310e-04
9.390464921918283310e-04
9.390464921918283310e-04
9.390464921918283310e-04
1.878092984383656662e-03
3.756185968767313324e-03
5.634278953150969986e-03
1.126855790630193997e-02
1.314665089068559750e-02
1.690283685945290909e-02
2.347616230479570784e-02
2.629330178137119500e-02
2.817139476575485080e-02
5.634278953150970159e-02
7.324562639096261762e-02
8.545323078945638029e-02
9.296560272699100347e-02
1.455522062897333935e-01
1.577598106882271700e-01
2.122245072353532158e-01
2.328835300635734296e-01
2.572987388605609826e-01
1.622672338507479273e+00
1.819872101867763270e+00
2.297846766393404128e+00
2.548572179808622273e+00
2.819017569559868708e+00
5.236123240461634687e+00
5.698134114620014401e+00
7.620362284136686704e+00
8.188485411912743928e+00
