1.000000000000000000e+02
1.000000000000000000e+02
1.000000000000000000e+02
1.000000000000000000e+02
1.000000000000000000e+02
1.000000000000000000e+02
1.000000000000000000e+02
1.000000000000000000e+02
1.000000000000000000e+02
1.000000000000000000e+02
1.000000000000000000e+02
1.000000000000000000e+02
1.000000000000000000e+02
1.000000000000000000e+02
1.000000000000000000e+02
1.000000000000000000e+02
9.956709956709956089e+01
9.870129870129869687e+01
9.848484848484848442e+01
9.696969696969696884e+01
9.653679653679652972e+01
9.567099567099566571e+01
9.350649350649349856e+01
9.155844155844155807e+01
9.047619047619046739e+01
8.766233766233766289e+01
8.506493506493505663e+01
8.311688311688311614e+01
8.095238095238094900e+01
6.969696969696968836e+01
6.623376623376623229e+01
6.298701298701298867e+01
6.082251082251082153e+01
5.411255411255411474e+01
5.216450216450216004e+01
4.978354978354978044e+01
4.437229437229436968e+01
4.112554112554112606e+01
3.896103896103895892e+01
3.051948051948052054e+01
2.662337662337662181e+01
2.467532467532467422e+01
2.380952380952381020e+01
1.861471861471861544e+01
1.774891774891774787e+01
1.493506493506493449e+01
1.428571428571428470e+01
1.320346320346320290e+01
2.164502164502164483e+00
2.164502164502164483e+00
1.298701298701298690e+00
6.493506493506493449e-01
6.493506493506493449e-01
2.164502164502164483e-01
2.164502164502164483e-01
0.000000000000000000e+00
0.000000000000000000e+00
