0.000000000000000000e+00
0.000000000000000000e+00
0.000000000000000000e+00
0.000000000000000000e+00
0.000000000000000000e+00
0.000000000000000000e+00
0.000000000000000000e+00
0.000000000000000000e+00
0.000000000000000000e+00
0.000000000000000000e+00
0.000000000000000000e+00
0.000000000000000000e+00
0.000000000000000000e+00
0.000000000000000000e+00
0.000000000000000000e+00
0.000000000000000000e+00
0.000000000000000000e+00
0.000000000000000000e+00
0.000000000000000000e+00
9.390464921918283310e-04
9.390464921918283310e-04
9.390464921918283310e-04
9.390464921918283310e-04
9.390464921918283310e-04
9.390464921918283310e-04
9.390464921918283310e-04
1.314665089068559750e-02
1.690283685945290909e-02
2.347616230479570784e-02
2.817139476575485080e-02
9.296560272699100347e-02
1.577598106882271700e-01
2.572987388605609826e-01
