1.000000000000000000e+02
1.000000000000000000e+02
1.000000000000000000e+02
1.000000000000000000e+02
1.000000000000000000e+02
1.000000000000000000e+02
1.000000000000000000e+02
1.000000000000000000e+02
1.000000000000000000e+02
1.000000000000000000e+02
1.000000000000000000e+02
1.000000000000000000e+02
1.000000000000000000e+02
1.000000000000000000e+02
1.000000000000000000e+02
9.978354978354978755e+01
9.978354978354978755e+01
9.913419913419913598e+01
9.913419913419913598e+01
9.848484848484848442e+01
9.740259740259739374e+01
9.610389610389610482e+01
9.502164502164501414e+01
9.112554112554111896e+01
8.701298701298701133e+01
8.506493506493505663e+01
5.757575757575757791e+01
5.562770562770562321e+01
5.064935064935065157e+01
4.610389610389610482e+01
2.683982683982683781e+01
2.012987012987013102e+01
1.558441558441558428e+01
