0.000000000000000000e+00
0.000000000000000000e+00
0.000000000000000000e+00
0.000000000000000000e+00
0.000000000000000000e+00
0.000000000000000000e+00
0.000000000000000000e+00
0.000000000000000000e+00
0.000000000000000000e+00
0.000000000000000000e+00
0.000000000000000000e+00
0.000000000000000000e+00
0.000000000000000000e+00
0.000000000000000000e+00
0.000000000000000000e+00
0.000000000000000000e+00
0.000000000000000000e+00
0.000000000000000000e+00
1.112217767790062241e-05
3.336653303370186555e-05
4.448871071160248966e-05
1.000995991011056034e-04
1.223439544569068381e-04
1.890770205243105827e-04
3.670318633707205414e-04
5.004979955055279765e-04
6.562084829961367140e-04
8.452855035204473238e-04
1.212317366891167919e-03
1.568227052583987891e-03
2.124335936479019096e-03
4.649070269362460227e-03
5.872509813931528662e-03
7.674302597751429984e-03
9.320384894080721919e-03
1.158930914037244880e-02
1.438097573752550491e-02
2.058715088179405295e-02
2.440205782531396431e-02
2.857287445452669911e-02
3.267695801767202951e-02
3.733715046471239307e-02
4.240886348583507159e-02
4.808117410156439314e-02
6.048240221242358328e-02
6.722244188523136821e-02
7.424053599998665931e-02
8.152556237901156799e-02
8.957801901781160814e-02
9.829780631728569917e-02
1.067840278855238800e-01
1.265481376191532892e-01
1.374478717434959030e-01
1.484810719999733186e-01
1.603818021153269879e-01
1.730833290234894961e-01
1.866523857905282580e-01
2.010222393503758587e-01
3.982184495795538792e-01
4.258681832868148609e-01
4.557534747073337944e-01
5.212186125194568920e-01
5.575881335261919647e-01
5.959151578042374275e-01
7.271234878704311289e-01
7.773512422638303443e-01
8.877944666053835254e-01
9.495781636061214614e-01
1.014097916315622960e+00
1.156684234146309054e+00
1.234606210957680750e+00
1.318812218157066285e+00
1.499747804621153646e+00
1.599491494036566541e+00
1.704451484782914639e+00
2.648757736169711219e+00
2.820751091780766551e+00
3.388260207795645851e+00
3.599848515940027305e+00
4.054445284168859409e+00
4.300523465292410918e+00
4.561683319347195287e+00
5.729133821485711486e+00
3.599848515940027305e+00
6.749727089565229043e+00
7.120952013920518020e+00
8.331211777941273766e+00
8.765010073912431920e+00
9.690330768003052597e+00
1.017932843178963154e+01
1.068678891052152480e+01
4.982544298243418979e+01
5.103044195641329850e+01
5.344329830403474091e+01
5.586528595952973575e+01
6.311313089857741687e+01
6.547967449834807496e+01
7.010142869933360998e+01
7.233333833831329684e+01
7.449790319145327544e+01
9.467074183256785602e+01
9.602017340587218541e+01
9.898603554981652053e+01
9.956480030964142713e+01
9.984676975813157185e+01
