1.276442307692307665e+01
1.132211538461538503e+01
1.079326923076922995e+01
1.016826923076922995e+01
8.870192307692306599e+00
8.317307692307691624e+00
7.283653846153845812e+00
6.778846153846153300e+00
6.250000000000000000e+00
5.120192307692307487e+00
4.879807692307692513e+00
4.495192307692307487e+00
3.846153846153845812e+00
3.557692307692307487e+00
3.245192307692307487e+00
1.706730769230769162e+00
1.490384615384615419e+00
1.225961538461538325e+00
1.129807692307692291e+00
1.033653846153846034e+00
9.615384615384614531e-01
8.894230769230768718e-01
5.769230769230768718e-01
1.129807692307692291e+00
3.605769230769230727e-01
3.125000000000000000e-01
2.644230769230769273e-01
2.163461538461538269e-01
1.923076923076922906e-01
1.923076923076922906e-01
1.923076923076922906e-01
2.403846153846153633e-02
2.403846153846153633e-02
2.403846153846153633e-02
2.403846153846153633e-02
0.000000000000000000e+00
0.000000000000000000e+00
0.000000000000000000e+00
0.000000000000000000e+00
0.000000000000000000e+00
