1.000000000000000000e+02
1.000000000000000000e+02
1.000000000000000000e+02
1.000000000000000000e+02
1.000000000000000000e+02
1.000000000000000000e+02
1.000000000000000000e+02
1.000000000000000000e+02
1.000000000000000000e+02
1.000000000000000000e+02
1.000000000000000000e+02
1.000000000000000000e+02
1.000000000000000000e+02
1.000000000000000000e+02
1.000000000000000000e+02
1.000000000000000000e+02
1.000000000000000000e+02
1.000000000000000000e+02
1.000000000000000000e+02
1.000000000000000000e+02
1.000000000000000000e+02
1.000000000000000000e+02
1.000000000000000000e+02
1.000000000000000000e+02
9.978354978354978755e+01
9.978354978354978755e+01
9.978354978354978755e+01
9.978354978354978755e+01
9.956709956709956089e+01
9.870129870129869687e+01
9.870129870129869687e+01
9.870129870129869687e+01
9.848484848484848442e+01
9.805194805194804530e+01
9.696969696969696884e+01
9.653679653679652972e+01
9.502164502164501414e+01
9.415584415584415012e+01
9.350649350649349856e+01
8.961038961038960338e+01
8.593073593073593486e+01
8.506493506493505663e+01
8.354978354978354105e+01
7.835497835497835695e+01
7.575757575757575069e+01
7.251082251082250707e+01
7.077922077922077904e+01
6.796536796536796032e+01
2.705627705627705737e+01
2.402597402597402620e+01
1.839826839826839944e+01
1.688311688311688386e+01
1.493506493506493449e+01
7.792207792207792139e+00
7.359307359307359242e+00
4.329004329004328966e+00
3.679653679653679621e+00
